Multiple size <= 100
TEST 1 ARG:10 17 19 41 24 52 84 78 63 43 73 55 15 66 12 47 48 20 21 39 57 13 30 29 35 85 58 64 53 51 38 18 87 40 72 79 59 36 11 34 7 25 22 16 93 54 23 70 68 77 69 42 62 9 90 60 3 46 94 45 80 99 74 97 65 8 4 96 6 76 14 5 75 50 31 2 26 81 56 98 71 32 83 89 67 95 49 82 27 28 91 0 61 44 33 88 1 92 86 37
TEST 2 ARG:44 83 40 70 55 37 62 56 75 10 27 16 73 59 57 88 11 31 2 49 13 26 90 98 32 53 48 45 51 94 66 68 9 58 47 23 67 8 93 76 29 21 64 96 24 35 14 74 54 0 91 34 4 1 42 6 61 89 80 18 78 99 77 25 19 36 50 86 95 46 15 79 92 71 43 30 22 60 52 28 84 63 38 85 97 7 5 17 82 12 87 3 33 72 39 41 20 81 65 69
TEST 3 ARG:69 94 80 91 78 2 35 40 0 97 36 28 12 68 65 67 47 71 51 52 33 92 74 25 72 84 16 73 83 24 37 20 70 89 10 32 29 62 14 66 44 60 59 63 85 41 11 93 58 4 39 42 49 98 50 18 99 48 76 31 5 17 23 79 26 81 30 90 19 1 7 75 8 38 57 53 9 46 96 3 15 13 82 45 54 61 55 77 95 34 27 88 86 56 6 22 21 43 64 87
TEST 4 ARG:52 20 96 74 11 65 79 77 4 6 21 16 3 45 91 69 67 12 97 7 10 53 44 39 30 76 86 75 73 64 95 89 71 88 31 32 59 55 23 43 84 85 14 8 22 63 48 18 38 81 60 68 40 15 49 51 41 19 58 29 42 66 57 87 13 25 83 34 72 61 54 0 94 46 90 9 50 78 2 28 98 1 17 80 24 92 93 99 33 26 5 27 62 47 36 70 56 37 82 35
TEST 5 ARG:57 24 13 94 97 23 11 85 2 98 74 71 51 41 58 84 72 15 12 92 66 9 22 96 62 63 47 52 29 87 55 65 19 34 39 10 35 4 89 69 43 16 31 81 68 75 91 88 49 27 99 67 46 60 45 14 30 5 26 77 61 40 82 70 18 8 86 50 20 48 44 6 7 93 3 36 83 1 79 0 37 54 33 38 59 32 25 80 90 78 53 56 42 95 64 17 76 21 28 73
TEST 6 ARG:17 37 50 73 43 5 41 53 20 58 74 98 79 92 30 55 23 44 54 28 70 71 95 90 96 60 42 1 68 21 26 47 4 48 19 81 27 32 87 11 45 0 76 77 66 33 36 3 57 52 40 99 65 59 22 97 25 80 7 63 93 83 82 34 39 12 24 75 84 35 13 9 14 49 64 51 91 69 31 29 2 94 78 89 86 38 8 67 61 46 6 72 16 88 62 56 85 15 18 10
TEST 7 ARG:87 77 74 56 9 60 44 59 62 50 25 12 78 73 53 70 13 20 5 33 38 89 37 28 22 63 46 1 68 40 45 66 75 34 21 19 32 80 0 71 88 97 72 2 99 92 10 39 55 31 24 90 8 58 42 43 98 17 57 86 95 16 26 64 93 52 91 82 4 29 76 69 96 67 27 48 85 83 11 79 49 61 94 81 84 51 65 14 35 36 18 47 7 6 23 54 41 30 15 3
TEST 8 ARG:71 58 51 26 8 84 27 31 97 74 10 1 32 54 30 29 65 2 4 91 21 22 75 7 11 39 78 70 5 9 72 43 98 50 45 14 53 38 6 59 95 36 94 49 99 73 77 16 93 3 35 83 20 60 41 18 96 76 13 46 66 69 90 57 48 89 17 24 47 81 55 12 25 62 40 44 86 56 64 19 0 37 28 68 82 42 87 63 23 34 33 15 85 92 88 67 52 79 61 80
TEST 9 ARG:22 63 57 70 80 85 51 75 20 65 92 10 67 13 56 47 78 36 39 14 90 44 45 1 50 99 33 46 82 17 87 73 19 89 27 11 53 96 31 43 61 25 66 93 28 81 55 62 15 77 79 58 86 72 26 64 83 54 40 12 94 24 35 37 32 68 6 60 49 3 41 74 76 5 7 9 52 42 29 21 0 48 8 95 88 97 16 71 91 84 34 59 30 98 23 4 69 18 38 2
TEST 10 ARG:51 67 15 36 55 13 25 52 57 0 83 29 44 35 49 24 86 33 45 42 98 58 28 88 99 79 97 92 6 12 64 41 32 46 50 95 26 5 74 3 39 61 17 71 54 63 53 68 27 91 47 89 4 66 62 22 65 94 96 73 43 11 82 30 69 21 2 31 10 56 77 76 81 84 85 14 60 90 1 20 37 7 34 78 38 9 75 70 87 16 72 18 93 80 59 8 48 19 40 23
TEST 11 ARG:18 64 38 19 96 54 13 7 17 56 72 21 87 4 92 74 52 50 31 99 69 25 30 65 91 58 89 95 12 80 63 5 23 97 86 16 43 46 75 14 70 53 35 24 32 61 42 55 67 22 49 2 8 6 45 15 36 71 68 3 40 33 82 9 26 27 37 84 81 88 60 0 76 83 57 47 28 20 66 34 48 10 11 62 79 39 90 1 98 29 51 41 59 93 78 73 77 44 85 94
TEST 12 ARG:14 48 8 63 4 15 42 61 12 9 2 23 79 76 50 80 11 5 7 78 67 19 55 81 20 40 30 34 13 94 44 97 53 64 59 29 70 10 49 96 93 95 84 90 3 27 45 22 21 6 31 82 75 62 77 32 26 89 41 56 69 99 54 88 60 16 17 25 28 72 18 39 68 98 71 46 66 92 51 47 58 91 74 85 87 1 35 0 37 43 24 73 52 86 65 83 33 36 57 38
TEST 13 ARG:38 99 65 25 95 33 7 66 19 62 0 21 67 27 75 96 35 85 71 89 76 6 73 55 74 83 18 22 70 17 34 90 82 4 43 50 57 52 14 77 88 23 60 51 11 63 9 39 44 49 5 20 41 61 28 53 86 69 64 13 97 80 68 54 3 1 92 10 72 37 36 98 87 29 8 45 46 30 91 47 32 59 56 48 94 31 40 93 2 12 84 58 26 42 24 81 15 79 16 78
TEST 14 ARG:37 63 27 4 13 23 78 83 97 20 50 84 81 59 75 29 71 30 62 48 31 17 68 44 43 93 32 3 89 51 79 80 87 91 74 66 94 26 86 90 2 5 24 9 19 42 85 8 52 10 61 60 95 1 28 77 92 18 14 40 56 39 41 15 55 16 33 76 35 99 25 53 49 47 67 82 36 58 88 46 45 34 72 65 6 38 22 12 98 11 57 21 70 54 96 64 73 69 7 0
TEST 15 ARG:65 12 71 7 76 98 8 84 94 83 55 24 80 59 57 17 56 5 32 74 39 86 16 62 47 25 88 51 20 66 46 85 90 44 45 2 19 33 30 64 78 58 81 69 92 87 96 79 41 43 91 52 31 38 36 23 13 70 22 72 1 93 35 42 60 18 97 48 75 82 27 37 40 95 73 21 53 63 10 77 49 67 6 54 3 9 34 28 89 15 0 99 11 29 61 14 50 68 4 26
TEST 16 ARG:72 64 91 48 32 82 47 10 7 5 37 99 49 35 23 24 78 62 14 13 81 98 57 79 90 16 38 22 87 31 53 41 36 18 45 6 83 21 3 96 28 94 58 39 50 89 71 75 12 68 42 43 44 11 67 85 0 15 97 33 65 56 19 8 1 92 52 40 84 29 17 46 4 95 30 61 59 63 86 93 34 2 25 26 51 76 80 54 77 20 60 69 55 27 88 73 66 70 9 74
TEST 17 ARG:81 39 69 3 28 63 84 38 91 29 66 5 71 54 85 4 2 33 42 15 36 23 31 80 8 6 21 96 83 19 97 12 27 61 26 76 45 57 34 78 75 58 94 9 62 47 24 99 59 95 16 43 41 51 18 88 65 7 67 32 86 60 79 20 98 22 44 30 89 90 68 93 35 14 13 17 49 52 46 64 56 48 53 40 92 77 50 72 87 1 70 73 55 74 11 25 37 10 82 0
TEST 18 ARG:85 70 55 43 24 57 14 54 76 73 11 46 13 98 16 44 59 22 62 81 92 1 30 72 8 40 93 74 96 77 49 15 79 89 58 83 12 9 60 23 90 95 61 91 10 64 94 97 35 27 3 31 53 42 67 37 65 80 2 39 45 34 69 0 52 68 63 56 47 82 75 51 88 38 87 66 25 7 5 21 26 4 71 50 6 17 29 28 41 99 33 78 36 32 19 84 86 20 48 18
TEST 19 ARG:2 77 94 73 34 9 25 39 40 80 91 55 53 83 30 82 0 76 51 92 11 58 17 78 33 62 49 79 93 1 88 59 60 95 7 48 96 27 23 89 61 85 31 45 71 57 64 72 75 36 19 87 37 3 5 50 29 98 42 22 32 52 20 86 14 54 38 41 10 26 28 35 6 90 47 56 16 13 63 99 43 67 21 81 70 84 66 97 24 18 68 44 4 74 8 15 12 65 69 46
TEST 20 ARG:70 1 53 45 19 16 59 33 76 35 85 30 96 51 0 60 74 6 47 54 98 72 22 68 17 2 20 31 77 18 89 80 14 84 94 11 99 10 8 36 97 28 29 82 46 4 90 87 91 40 12 56 42 58 92 15 63 24 86 25 13 37 83 43 50 61 41 34 95 39 32 81 49 3 9 52 57 44 65 64 23 67 73 48 62 7 71 21 88 26 66 93 5 55 75 78 69 27 79 38
TEST 21 ARG:52 59 69 3 45 2 16 35 88 20 57 5 32 56 73 60 37 68 36 1 51 77 67 76 27 7 72 19 65 75 33 0 28 91 11 82 92 14 90 97 55 78 64 24 31 44 96 13 71 47 81 12 23 4 30 8 54 49 95 22 46 41 6 86 42 10 38 39 85 18 29 40 87 98 9 17 58 70 53 89 21 99 79 43 34 66 25 80 93 84 15 83 48 61 74 94 62 26 50 63
TEST 22 ARG:34 85 48 70 22 71 33 43 39 50 6 59 26 82 81 61 8 80 31 20 89 91 46 73 76 65 97 92 51 94 11 12 75 7 54 1 63 23 90 21 18 0 42 38 41 45 88 16 9 10 60 30 98 93 78 13 64 4 57 25 86 99 44 62 66 36 84 49 32 17 5 15 28 87 37 79 2 69 53 74 40 96 58 3 47 52 72 77 19 35 67 29 68 55 95 56 14 24 83 27
TEST 23 ARG:14 96 99 21 65 40 45 8 50 36 53 23 46 70 20 18 85 1 92 83 58 29 78 35 54 44 93 10 97 38 13 32 24 43 28 64 9 7 17 25 98 95 84 79 80 55 16 62 42 0 75 3 19 27 72 89 61 26 22 77 30 56 11 63 66 76 34 2 73 15 5 6 52 87 51 88 69 31 59 12 47 39 74 90 49 82 41 67 71 4 60 48 57 81 94 91 33 37 68 86
TEST 24 ARG:57 82 56 41 86 12 49 90 15 80 0 5 96 33 31 2 73 47 98 58 16 83 54 52 89 43 66 22 71 81 91 39 64 60 24 84 32 53 87 40 94 51 20 74 69 61 78 26 68 92 6 4 35 14 7 97 10 11 19 72 9 36 13 29 77 85 44 8 48 99 18 63 45 67 21 76 42 46 17 27 62 28 30 38 3 75 70 34 79 55 88 59 95 23 37 25 65 93 1 50
TEST 25 ARG:94 1 95 51 50 8 86 22 85 5 60 31 25 62 82 10 17 20 66 33 70 96 61 49 56 27 3 67 80 13 40 11 16 2 45 99 55 19 34 0 35 90 65 91 92 37 23 18 4 54 6 64 43 75 32 44 12 74 93 87 7 84 15 21 9 57 47 69 73 29 39 76 78 58 48 41 72 30 38 28 59 52 97 63 79 46 53 68 71 77 36 88 89 83 98 81 26 24 42 14
TEST 26 ARG:88 35 12 98 68 13 0 60 85 99 36 54 76 69 29 50 11 9 16 55 44 19 2 25 33 26 41 71 5 70 86 14 49 45 21 97 47 39 32 27 83 63 91 34 37 52 64 62 75 1 59 80 10 22 20 46 31 78 58 3 81 48 18 96 65 93 92 17 90 43 24 4 95 94 38 23 57 74 42 84 28 8 87 7 6 66 56 77 61 79 72 15 73 30 51 53 67 40 89 82
TEST 27 ARG:88 8 2 22 45 27 54 97 20 72 89 52 41 47 32 82 98 69 49 53 73 44 36 94 84 75 79 80 67 39 55 68 37 57 48 77 59 29 23 95 96 90 38 30 86 70 3 76 40 91 74 16 51 62 42 12 99 63 1 60 10 64 19 87 35 7 25 85 4 43 66 81 17 58 0 11 65 78 46 83 33 34 61 26 21 93 50 18 24 5 71 9 14 28 31 13 92 15 56 6
TEST 28 ARG:44 76 59 48 45 98 61 13 95 35 43 47 62 23 34 20 70 89 90 37 56 72 86 8 63 1 79 87 92 69 83 52 97 74 30 91 81 94 16 33 39 9 60 64 22 2 38 41 0 93 18 15 32 88 99 67 46 31 51 25 4 10 96 28 71 6 49 7 78 53 54 85 27 55 68 50 75 80 11 65 82 19 24 42 21 12 26 14 66 58 77 36 57 40 5 73 3 17 29 84
TEST 29 ARG:80 57 7 96 77 27 55 65 85 19 90 35 78 84 21 92 28 59 75 13 12 93 73 39 60 48 51 38 79 4 10 52 40 1 76 54 15 34 36 68 58 46 82 17 25 50 61 16 83 20 89 53 74 11 32 86 99 26 9 98 41 66 5 62 87 22 63 45 33 3 95 69 8 56 81 44 91 0 97 70 18 64 47 72 49 88 37 30 67 43 94 14 29 71 31 24 2 42 6 23
TEST 30 ARG:9 58 95 85 26 40 16 4 69 37 65 88 45 87 34 48 41 74 49 83 77 96 14 91 3 63 55 92 94 17 27 6 73 53 38 80 76 12 82 25 86 20 90 61 0 71 54 2 43 78 52 22 23 5 66 50 13 47 11 31 33 97 89 46 44 56 62 68 36 8 70 81 32 72 1 39 42 24 21 7 67 57 93 15 51 28 30 79 19 64 75 98 59 29 99 35 10 84 18 60
TEST 31 ARG:61 49 76 44 42 84 12 85 48 38 41 55 89 11 31 10 18 7 73 51 46 0 39 71 93 75 62 35 20 40 91 94 13 53 22 86 33 54 90 59 27 26 8 81 17 96 50 65 23 82 4 1 66 6 57 16 58 69 67 45 97 19 29 15 74 37 78 60 98 87 43 2 5 95 47 3 99 30 72 92 34 32 56 64 25 14 79 77 36 70 21 83 28 80 52 68 88 63 9 24
TEST 32 ARG:0 99 33 34 92 25 11 66 31 51 81 2 5 44 32 48 70 16 85 18 96 22 94 40 78 89 79 93 36 30 47 39 8 80 21 27 42 87 90 28 76 57 55 77 15 46 63 53 10 14 9 41 84 69 95 64 82 35 83 37 97 59 86 12 3 56 65 68 75 38 24 7 58 19 29 73 13 43 60 26 45 50 17 49 91 72 52 20 61 88 54 71 62 4 74 1 67 6 23 98
TEST 33 ARG:80 43 46 22 59 30 34 94 21 61 9 23 26 44 24 88 38 97 20 70 39 8 25 1 29 3 86 84 47 56 27 48 77 18 53 4 7 66 75 35 79 42 16 31 76 5 19 71 82 49 89 54 95 63 93 87 60 90 40 14 13 98 6 33 2 69 45 62 72 11 64 78 32 50 67 17 99 85 28 52 74 15 37 91 81 51 65 0 12 41 55 96 10 92 68 73 58 83 36 57
TEST 34 ARG:35 53 59 19 37 44 8 9 92 83 69 86 55 73 98 60 10 70 12 15 41 29 62 94 31 42 96 4 74 34 40 38 22 52 3 51 30 76 67 56 81 84 16 88 43 71 58 93 23 26 36 47 17 75 13 89 14 66 48 24 11 85 80 87 28 39 68 6 72 50 45 64 77 90 57 18 21 33 54 32 49 2 97 20 7 79 25 27 1 61 63 5 82 46 95 65 0 99 91 78
TEST 35 ARG:97 85 25 63 41 53 81 8 14 34 95 74 30 98 84 33 27 31 45 26 62 67 56 6 48 61 66 73 99 38 89 86 72 5 16 78 21 24 68 4 13 88 22 80 18 43 46 37 11 83 32 93 3 51 64 71 47 96 77 42 40 44 55 94 57 12 9 70 35 1 17 39 23 58 79 90 76 10 29 92 69 20 2 65 82 36 49 91 54 50 15 87 19 52 28 59 7 75 60 0
TEST 36 ARG:18 25 99 59 6 35 51 79 19 24 36 64 34 22 5 1 2 94 33 27 52 43 16 14 4 38 17 47 41 84 29 20 61 58 92 63 68 56 54 53 98 11 26 97 13 30 55 21 85 39 80 75 50 81 42 8 88 76 90 89 65 95 45 32 83 70 67 72 44 86 31 37 3 69 91 77 66 74 78 28 46 73 71 40 15 9 96 7 82 93 0 57 48 62 12 87 49 60 23 10
TEST 37 ARG:77 9 52 22 1 68 47 87 23 76 35 2 80 96 53 34 70 71 78 84 37 3 39 21 29 33 28 20 62 4 61 5 72 19 83 93 65 82 15 44 79 32 25 51 48 60 58 31 13 38 73 67 46 98 74 11 7 26 81 90 92 16 89 14 30 17 36 40 91 43 56 50 64 95 86 0 63 10 57 42 55 27 18 94 59 99 12 97 75 69 54 85 45 6 8 49 66 41 88 24
TEST 38 ARG:72 59 16 97 48 99 61 82 87 44 49 88 42 43 7 30 8 67 55 70 65 58 24 79 37 21 15 60 29 1 22 77 34 0 50 92 78 64 56 11 96 31 51 83 93 89 35 75 20 76 33 94 73 6 91 14 38 27 68 81 52 36 39 90 84 57 28 54 98 63 3 40 13 4 74 66 69 71 23 10 5 41 86 46 80 17 53 32 95 9 47 26 12 18 85 25 62 19 2 45
TEST 39 ARG:94 92 42 97 50 14 54 33 29 60 32 96 88 26 13 71 30 17 0 83 49 95 67 36 64 79 21 62 48 93 23 4 35 98 18 24 89 38 41 25 43 76 99 11 44 10 5 53 45 70 85 47 40 84 90 57 65 22 3 74 39 75 63 91 6 68 7 34 66 82 31 59 8 77 27 87 19 1 72 15 78 51 56 20 69 16 9 73 37 86 61 28 52 80 81 12 46 55 2 58
TEST 40 ARG:75 43 77 47 74 67 27 88 56 9 33 84 10 63 79 70 17 91 32 83 16 36 12 48 82 11 87 66 8 80 26 57 73 34 96 97 50 29 58 99 40 59 78 76 93 46 71 45 44 65 14 89 55 52 13 1 60 64 4 54 0 42 68 25 38 6 49 2 72 81 18 85 30 7 62 20 31 39 35 22 94 28 92 23 41 61 19 3 86 51 69 53 37 98 21 90 5 24 95 15
TEST 41 ARG:32 73 27 49 40 89 93 50 56 54 86 22 38 21 85 58 52 48 28 8 16 36 71 61 42 7 10 92 65 5 59 23 4 72 9 81 98 80 62 3 20 79 75 95 14 31 37 74 6 33 41 55 35 91 11 24 17 47 39 26 13 67 15 78 97 51 94 44 63 46 83 60 87 25 29 69 2 88 96 76 53 43 99 77 84 66 57 70 30 45 34 12 68 0 82 90 1 64 19 18
TEST 42 ARG:20 75 85 88 30 62 40 7 4 37 0 79 48 33 34 12 86 69 54 44 24 39 53 21 64 49 99 13 87 67 36 51 45 19 74 96 56 8 71 63 16 72 78 68 38 26 2 3 42 82 28 57 58 73 91 47 14 60 90 92 46 95 89 41 77 10 9 52 66 32 22 70 31 43 81 65 83 29 50 23 98 35 84 61 25 80 6 15 97 5 55 1 27 59 11 76 93 94 18 17
TEST 43 ARG:65 90 5 66 71 17 54 30 94 19 51 14 72 96 69 87 73 74 82 97 11 44 84 40 86 23 20 91 31 6 63 43 76 62 38 29 25 39 55 99 50 81 42 88 67 28 70 49 7 18 33 13 85 1 15 93 16 83 3 78 22 26 45 41 32 12 36 47 75 95 4 57 89 2 46 79 52 92 21 24 27 58 10 59 37 80 34 9 98 53 60 64 68 0 8 61 35 77 56 48
TEST 44 ARG:23 58 19 45 2 73 97 8 49 60 39 82 81 21 17 44 89 5 10 4 93 18 92 54 70 72 71 26 63 91 41 50 79 7 57 12 96 34 42 0 27 88 40 30 48 68 22 38 75 33 80 16 95 52 69 14 53 66 94 86 74 64 15 6 87 9 25 99 11 56 67 78 59 29 61 20 47 36 84 28 3 51 31 83 1 37 98 13 85 55 46 35 65 24 32 62 43 77 90 76
TEST 45 ARG:82 59 74 3 77 6 66 2 35 45 72 65 13 36 9 57 90 58 64 51 38 61 97 5 92 70 54 34 43 47 27 84 28 42 55 19 0 89 99 83 75 40 91 10 15 76 63 24 20 67 21 16 98 30 96 85 31 4 94 26 44 53 69 46 86 56 14 11 81 12 1 62 29 78 95 33 73 52 60 68 93 17 8 48 23 18 37 22 49 79 39 50 25 87 71 80 32 7 88 41
TEST 46 ARG:36 77 91 3 66 92 27 54 28 13 47 35 89 11 24 42 78 87 85 10 73 8 37 98 48 31 33 20 81 16 93 22 18 76 61 41 19 60 55 90 52 29 45 75 4 96 80 71 88 57 62 82 2 50 68 12 34 44 51 74 69 95 25 7 79 67 53 30 9 49 58 72 23 32 56 59 43 6 15 65 0 39 83 17 1 63 26 70 64 84 21 5 94 99 38 86 40 97 14 46
TEST 47 ARG:25 52 82 73 89 4 88 56 62 40 59 3 63 11 69 21 20 93 75 7 83 70 64 27 90 47 38 41 22 9 2 92 44 23 34 19 48 35 60 32 8 1 55 14 39 97 50 12 66 58 71 99 80 6 81 5 84 15 72 76 67 94 49 98 33 54 87 30 18 79 29 45 31 43 77 0 91 10 78 17 53 26 51 42 95 86 85 46 74 28 57 96 65 36 24 13 16 37 68 61
TEST 48 ARG:45 54 11 1 72 0 55 34 79 48 47 66 75 93 15 68 90 89 26 42 13 53 20 41 71 31 74 60 14 57 39 95 23 85 87 88 82 52 86 35 8 30 49 70 5 24 50 73 98 76 19 91 3 2 61 64 29 81 67 18 51 65 6 33 38 32 25 4 21 99 94 10 63 69 16 37 83 7 28 78 58 44 22 12 77 36 43 56 9 59 17 27 46 96 62 92 40 80 97 84
TEST 49 ARG:38 17 54 13 90 39 74 14 16 45 99 43 70 62 42 58 84 7 79 4 72 26 56 0 37 60 9 61 89 12 55 78 28 27 41 23 88 87 98 15 47 44 18 19 73 66 22 69 71 67 11 31 63 24 53 34 57 36 83 52 3 82 85 1 97 76 40 93 68 10 86 92 59 81 65 2 30 94 20 29 91 21 48 75 64 6 49 51 96 80 46 77 8 95 5 33 32 25 35 50
TEST 50 ARG:89 55 32 38 72 12 58 44 18 95 25 78 0 39 13 22 75 41 52 48 8 42 4 73 91 1 71 81 35 92 5 23 7 6 59 93 30 51 45 69 67 40 27 24 10 19 85 26 94 65 60 17 20 31 21 87 46 84 9 3 62 34 54 29 33 36 70 14 77 68 43 56 53 79 28 83 61 11 80 98 50 99 88 76 49 90 96 66 74 15 57 37 63 2 64 16 47 82 97 86
TEST 51 ARG:58 48 40 61 92 11 21 35 29 28 71 94 1 51 65 10 84 9 53 31 20 2 87 6 39 45 95 32 93 69 52 25 44 13 50 75 83 63 86 4 82 3 54 64 80 99 74 30 98 5 27 23 60 78 72 79 56 96 36 42 73 38 88 19 18 66 43 55 81 16 47 70 62 24 91 7 68 46 76 49 0 26 77 37 59 8 41 22 12 89 90 85 17 33 67 97 34 57 15 14
TEST 52 ARG:14 77 72 63 53 39 17 76 58 88 25 21 86 60 24 56 19 98 71 23 62 73 8 93 35 42 82 70 99 67 54 28 69 12 80 87 36 81 97 40 6 85 84 90 10 59 51 89 27 43 95 96 3 33 9 7 46 4 79 68 41 18 1 31 32 91 49 48 37 45 92 75 0 16 26 11 15 61 34 66 44 94 65 52 64 29 30 47 20 22 57 5 55 13 38 2 50 78 83 74
TEST 53 ARG:50 60 8 69 83 65 24 86 14 41 77 38 23 62 95 28 10 58 16 1 84 51 56 35 68 89 33 30 47 31 72 96 93 91 44 19 45 21 42 9 11 36 5 0 57 32 6 18 7 63 12 2 17 99 92 25 59 98 48 22 40 27 37 87 15 13 79 74 67 85 75 29 3 78 53 70 20 80 81 71 73 64 49 54 82 76 4 39 43 46 61 97 90 66 94 55 52 88 26 34
TEST 54 ARG:24 62 76 46 1 26 13 44 40 43 71 54 36 58 15 19 42 88 9 16 91 99 22 57 27 32 77 10 25 69 14 8 23 98 11 45 85 39 90 31 41 33 87 94 60 66 12 56 29 38 79 7 83 50 59 52 61 73 2 17 21 63 51 97 49 86 28 6 74 34 35 0 96 20 53 64 4 65 75 92 30 95 70 67 72 89 82 48 5 18 84 37 93 81 80 68 47 3 55 78
TEST 55 ARG:53 96 11 98 55 78 28 31 92 23 64 86 70 67 4 36 34 49 16 22 87 60 46 40 85 72 77 61 27 12 88 52 81 6 68 3 50 56 76 84 13 9 2 41 82 48 0 5 63 19 71 66 24 37 80 38 33 93 95 8 94 44 89 35 21 58 83 20 1 69 97 43 62 26 25 45 30 91 29 79 15 17 32 14 42 7 75 47 51 54 74 99 90 65 73 18 39 59 57 10
TEST 56 ARG:97 0 24 68 60 92 84 83 40 62 72 67 30 76 13 17 39 36 49 80 25 16 11 54 43 59 98 56 85 5 48 79 29 50 89 22 90 55 71 73 1 38 2 45 81 15 51 6 18 31 35 78 74 44 93 26 94 88 10 28 75 19 99 7 46 52 27 32 91 41 23 70 66 58 47 87 4 21 20 12 53 33 34 57 96 9 69 8 14 86 77 61 65 64 63 95 37 3 42 82
TEST 57 ARG:58 22 84 61 56 41 12 26 94 51 8 90 14 18 29 72 82 32 19 16 2 99 4 60 96 52 75 17 21 0 69 86 89 27 73 70 62 43 65 33 45 1 40 5 47 80 71 23 79 49 38 39 98 81 76 57 87 31 78 83 20 66 35 36 53 67 55 95 6 59 88 77 24 54 48 64 50 74 3 42 34 30 25 13 28 46 37 44 68 97 85 91 92 63 11 7 9 15 10 93
TEST 58 ARG:91 3 45 33 42 49 82 43 59 41 95 26 90 10 86 89 24 70 18 94 85 74 13 14 84 17 57 66 99 19 8 61 67 60 23 40 83 81 16 35 2 88 77 58 9 34 4 53 31 48 98 38 63 20 73 47 71 11 6 36 55 25 64 97 27 0 44 93 15 51 1 78 29 72 92 7 54 79 65 30 75 87 50 52 21 32 56 69 12 76 28 96 62 46 22 37 68 5 39 80
TEST 59 ARG:31 84 71 47 43 54 22 52 79 5 25 7 66 38 61 4 73 39 80 17 85 10 48 70 90 72 15 96 40 33 24 83 63 6 62 91 11 37 9 45 49 3 86 98 87 58 89 28 95 51 77 76 94 68 18 64 35 97 75 20 67 1 78 30 8 42 93 2 59 29 26 69 46 92 82 74 27 16 50 21 12 36 57 19 55 0 13 23 53 56 32 81 60 34 65 99 41 44 14 88
TEST 60 ARG:30 18 69 8 0 76 91 27 39 99 64 67 26 22 98 75 5 90 15 70 48 21 60 95 34 88 32 2 68 13 11 66 33 9 28 73 40 51 23 84 42 41 16 1 3 36 25 31 82 29 12 19 10 79 54 20 14 61 44 86 50 78 63 89 65 53 45 85 72 4 71 62 7 46 57 97 17 6 83 96 87 74 49 35 80 43 77 47 59 93 38 58 56 92 55 24 37 81 94 52
TEST 61 ARG:25 8 98 13 60 81 47 36 34 58 68 5 57 86 78 11 0 54 45 76 46 19 55 72 75 50 52 65 32 95 24 2 6 28 56 39 31 67 79 82 40 63 51 17 26 97 22 4 7 42 12 66 71 37 9 10 35 48 1 96 33 43 53 15 90 29 61 27 16 38 77 62 88 23 59 20 3 85 92 21 94 41 91 70 84 89 99 74 44 14 18 83 69 73 49 80 30 64 93 87
TEST 62 ARG:86 45 42 80 17 1 14 77 13 43 72 34 47 91 52 73 68 16 7 23 78 76 93 0 96 30 92 85 26 54 5 24 99 11 58 98 20 31 35 44 18 39 15 4 19 22 63 61 6 21 3 53 87 74 25 40 59 95 46 48 9 12 2 8 55 84 69 51 65 83 71 50 88 94 70 49 38 33 29 28 60 75 66 97 56 89 10 27 81 36 37 64 82 32 57 79 62 41 67 90
TEST 63 ARG:80 3 35 98 28 10 49 20 22 84 43 48 40 76 85 41 96 57 31 42 66 89 82 6 67 90 8 21 30 71 39 59 32 51 46 9 12 11 50 36 7 83 1 86 58 78 45 72 55 16 68 44 33 24 74 19 15 75 97 13 0 4 29 69 93 14 92 47 52 2 25 62 81 79 65 91 60 99 70 87 88 53 64 26 34 77 18 37 54 95 61 94 23 38 73 56 63 17 27 5
TEST 64 ARG:9 86 15 83 5 45 21 73 82 41 0 48 8 74 18 20 64 70 27 67 92 60 39 97 14 50 71 51 89 38 35 90 4 98 22 99 95 80 37 25 44 40 62 69 91 63 66 16 57 26 76 65 29 58 42 3 61 59 2 46 10 88 52 96 24 7 12 23 28 47 94 1 79 84 33 56 11 17 43 77 34 53 36 30 19 31 93 55 72 75 68 81 85 49 13 6 87 78 32 54
TEST 65 ARG:68 31 72 97 4 25 41 33 39 58 54 0 29 19 78 42 79 3 59 85 52 15 96 17 74 37 95 75 71 82 5 57 81 36 23 63 40 32 55 35 18 90 86 88 21 13 61 14 53 6 64 94 99 73 20 89 67 45 93 62 1 65 10 43 47 92 83 12 50 77 2 26 28 76 70 49 51 91 11 46 44 56 84 8 27 34 80 48 22 87 16 7 38 66 9 98 30 24 60 69
TEST 66 ARG:80 27 22 76 26 62 6 0 20 85 54 32 89 8 38 12 42 40 67 30 86 84 91 4 82 94 69 68 29 98 59 58 77 9 57 61 93 95 92 88 37 60 2 46 11 81 66 64 41 51 14 21 15 97 73 10 7 16 48 63 35 72 34 23 70 39 17 5 99 49 56 43 1 50 45 52 24 44 25 47 3 28 33 74 55 90 79 83 53 18 13 87 96 19 78 65 75 31 36 71
TEST 67 ARG:99 74 88 90 78 48 72 58 70 44 54 95 59 34 79 71 12 47 76 97 4 39 28 41 11 57 37 15 10 17 40 56 80 55 24 64 16 65 52 61 0 9 96 42 62 77 68 73 60 93 6 75 89 32 25 21 1 87 98 82 50 66 67 45 85 7 53 31 46 86 51 27 49 33 36 94 13 20 63 30 35 3 84 26 22 83 14 43 69 38 91 29 2 23 8 5 18 92 19 81
TEST 68 ARG:50 40 16 6 66 19 7 23 85 30 96 26 42 37 47 39 48 18 64 72 89 15 14 3 17 82 33 70 61 38 74 10 78 20 41 55 92 45 68 81 88 93 58 31 98 44 87 29 60 76 91 62 49 25 63 77 56 99 90 9 8 95 83 21 80 84 4 22 54 79 32 69 24 73 53 13 5 97 71 1 43 59 52 75 2 86 35 12 46 0 11 28 57 65 94 51 67 36 27 34
TEST 69 ARG:15 2 41 45 92 62 82 42 16 57 53 48 13 63 64 8 46 52 99 88 28 58 0 34 6 85 50 3 91 93 59 68 96 75 26 66 33 76 86 49 17 39 23 69 78 55 11 9 10 27 87 29 84 12 30 54 44 24 4 98 79 56 36 5 20 97 89 38 25 61 35 80 37 19 1 22 94 83 71 60 21 31 73 47 40 72 67 43 51 70 7 14 77 65 81 95 32 18 74 90
TEST 70 ARG:13 42 79 46 60 94 84 63 39 35 62 71 30 61 97 15 47 95 86 14 57 9 76 99 75 40 28 85 65 31 23 58 19 54 96 45 0 92 16 43 70 21 7 64 3 24 82 50 6 18 81 5 66 41 69 12 25 98 67 56 89 34 29 80 51 68 4 36 73 8 44 27 20 72 93 78 33 26 38 87 83 55 22 52 10 91 32 11 59 1 77 53 90 2 74 88 37 17 48 49
TEST 71 ARG:14 3 45 4 87 12 22 52 90 17 54 49 78 80 38 77 47 25 44 71 30 61 95 58 99 39 64 29 46 57 97 28 5 76 2 40 32 88 33 55 56 73 1 21 10 18 91 93 81 69 85 94 43 41 24 89 62 79 65 84 13 86 75 83 35 42 68 66 82 16 19 7 67 8 48 31 74 70 98 6 37 92 23 11 36 72 20 51 27 0 63 59 53 26 15 50 9 96 34 60
TEST 72 ARG:99 25 43 19 57 65 12 7 63 1 53 20 17 90 49 9 64 71 98 32 15 48 21 45 88 38 30 8 27 86 36 61 76 87 75 85 72 44 14 41 31 73 68 77 47 89 26 52 4 83 60 28 97 56 92 81 33 95 24 67 55 96 0 93 69 51 3 42 91 46 80 13 82 50 78 10 70 5 29 2 37 62 6 94 35 59 34 84 23 39 58 66 16 11 40 79 18 22 54 74
TEST 73 ARG:85 38 7 27 69 47 29 64 49 65 4 80 52 15 14 79 20 37 23 43 54 17 92 99 2 66 41 81 73 33 68 55 35 48 75 5 86 87 94 12 16 76 25 88 19 83 74 42 97 26 58 51 93 0 32 6 98 57 70 31 84 34 96 9 11 28 91 59 45 3 90 78 40 1 36 60 13 22 44 77 21 30 89 95 71 62 46 50 56 63 53 82 24 67 61 72 10 18 8 39
TEST 74 ARG:2 98 41 85 70 75 87 38 45 14 62 73 83 27 22 40 11 12 79 18 6 74 58 71 67 33 16 21 44 20 68 80 57 5 26 72 37 50 30 55 23 34 69 56 61 96 15 13 24 4 84 63 86 76 43 8 54 94 1 39 60 65 32 28 29 47 17 93 35 78 90 59 31 77 53 48 49 42 51 64 3 97 82 52 9 91 36 81 46 92 7 66 10 0 89 19 88 25 95 99
TEST 75 ARG:84 89 41 17 99 50 86 3 51 19 94 29 32 82 72 37 62 71 79 60 95 24 18 12 97 85 90 11 58 16 4 75 67 22 70 96 10 0 45 34 5 2 61 48 73 40 8 1 31 83 88 78 14 74 39 30 47 64 77 26 35 21 87 13 46 54 36 6 38 53 55 76 44 15 57 28 42 98 20 92 66 27 23 33 9 69 7 56 59 63 43 80 49 68 52 81 93 25 91 65
TEST 76 ARG:15 28 64 95 63 38 25 92 75 10 65 16 20 94 99 6 46 57 34 83 44 42 84 59 97 80 50 55 24 87 54 81 12 51 36 79 0 47 40 86 19 60 41 13 45 68 14 7 90 56 17 78 1 23 93 48 32 3 62 2 61 89 77 52 8 4 96 73 18 67 27 58 72 91 70 9 69 88 74 31 35 5 33 29 43 21 85 37 53 11 30 82 66 39 49 26 76 71 22 98
TEST 77 ARG:11 55 98 33 89 7 68 80 49 37 21 26 47 52 19 66 14 2 75 56 34 4 41 67 10 97 50 22 58 32 87 99 71 40 93 43 82 45 12 54 76 92 46 27 81 77 73 9 44 60 96 83 42 85 61 70 39 20 94 51 69 65 35 13 36 18 62 5 86 74 28 63 24 25 57 3 23 90 91 0 16 64 8 88 1 31 38 78 15 79 17 72 48 59 84 95 30 29 53 6
TEST 78 ARG:96 41 55 25 60 95 2 38 59 7 9 83 49 87 89 57 16 40 50 43 42 51 90 27 8 86 35 32 18 71 93 66 11 44 68 84 34 20 67 97 74 30 75 64 19 77 69 82 76 39 88 21 99 72 53 10 13 3 65 5 56 48 78 0 24 91 58 37 94 47 73 31 17 4 28 70 98 80 46 23 61 22 85 26 12 62 45 14 29 6 36 63 81 54 33 1 15 52 92 79
TEST 79 ARG:20 38 28 13 91 63 88 34 7 14 29 57 90 32 18 24 3 92 40 47 35 73 43 67 97 71 56 74 0 59 9 98 53 6 64 39 84 78 52 75 66 82 46 26 8 94 22 65 44 36 25 96 83 99 19 85 48 11 58 69 37 80 1 21 87 42 30 54 16 27 50 51 15 79 93 61 33 2 68 60 12 17 41 76 77 49 81 70 10 23 95 86 62 89 4 5 45 31 55 72
TEST 80 ARG:80 66 20 34 55 32 59 47 57 29 11 65 35 84 85 94 33 69 79 51 28 81 3 58 31 18 76 48 98 6 97 60 49 90 13 77 83 75 78 87 8 96 30 68 42 41 7 40 93 17 53 71 15 24 63 99 95 52 36 2 22 70 82 25 54 74 12 4 37 91 45 0 9 21 88 10 39 61 43 5 64 23 50 67 19 14 46 26 16 72 86 92 44 73 38 27 1 89 62 56
TEST 81 ARG:98 24 66 52 15 46 41 50 60 90 67 71 4 56 78 87 99 40 13 94 54 93 53 64 74 35 44 30 91 29 95 32 8 72 73 11 76 86 88 5 9 75 14 21 1 58 81 82 12 49 20 83 37 79 68 33 92 25 23 42 84 18 70 10 51 38 62 80 34 77 59 28 31 17 55 3 26 22 43 65 27 19 0 2 69 47 63 97 61 57 85 89 96 7 36 16 6 45 39 48
TEST 82 ARG:54 98 37 9 0 94 78 96 69 70 32 35 85 97 2 13 81 7 82 68 59 27 52 95 61 50 44 36 90 80 93 6 43 76 21 29 57 72 75 34 67 42 46 25 38 63 1 47 23 86 22 41 3 83 55 66 91 18 16 26 89 4 79 60 39 48 8 74 19 84 99 15 77 40 62 65 28 30 33 45 49 14 31 24 17 58 11 92 20 53 88 5 12 56 64 87 10 51 71 73
TEST 83 ARG:4 71 42 57 26 30 17 19 13 27 69 55 24 5 90 0 41 15 94 66 63 98 49 20 43 25 88 33 60 32 84 67 54 97 65 29 74 14 31 64 52 79 28 48 7 18 39 51 77 10 38 76 11 9 50 6 23 91 81 73 12 3 99 68 37 96 85 21 70 56 72 83 89 87 78 58 80 75 46 95 61 93 40 16 82 2 34 44 53 86 92 35 1 47 8 22 45 36 62 59
TEST 84 ARG:35 70 73 76 95 81 15 21 45 65 1 58 55 96 75 44 3 57 36 6 27 47 78 25 20 5 4 17 61 43 63 68 93 31 46 10 12 41 54 80 91 49 83 56 19 64 40 87 97 51 38 42 62 67 28 66 88 37 7 34 52 2 85 92 26 50 72 94 60 82 77 33 74 39 8 29 71 79 48 24 9 18 32 30 59 89 69 98 11 16 23 84 13 86 53 90 14 99 22 0
TEST 85 ARG:63 53 32 66 78 55 97 34 27 35 58 71 4 7 46 67 33 91 10 59 60 44 41 45 96 89 77 30 94 37 9 47 74 16 19 39 61 72 52 40 29 98 21 26 73 5 14 90 12 64 56 18 68 76 93 48 20 86 83 24 43 81 65 69 25 85 62 70 6 79 50 15 84 0 92 22 13 36 2 38 99 51 95 80 57 3 17 42 11 75 54 28 1 88 8 87 49 23 31 82
TEST 86 ARG:61 64 22 4 94 55 28 1 47 99 82 95 84 89 66 57 77 62 50 34 56 33 74 90 39 45 30 83 85 6 14 65 73 35 5 16 91 70 88 37 27 2 78 54 19 31 60 52 86 32 92 13 9 12 87 40 48 26 44 67 24 20 96 29 46 58 98 69 97 25 75 23 63 79 43 3 53 68 17 21 11 51 36 80 81 42 93 38 8 15 0 76 7 41 72 18 59 10 49 71
TEST 87 ARG:93 20 70 71 57 95 34 19 41 63 35 42 22 51 28 1 56 5 31 91 99 84 88 74 30 48 94 46 67 36 44 61 21 85 27 80 13 98 2 73 11 87 26 17 32 7 25 83 12 62 90 53 54 96 37 6 89 38 15 79 16 64 24 52 29 60 92 39 97 3 86 8 68 0 72 50 66 76 47 69 14 40 65 58 10 18 49 81 23 33 59 82 45 43 4 55 78 77 9 75
TEST 88 ARG:10 81 39 41 40 23 90 95 66 15 46 99 24 29 26 98 21 20 73 8 54 44 72 12 22 92 45 34 59 70 43 27 55 61 3 56 64 17 86 71 68 62 25 0 9 82 67 74 77 32 33 16 60 89 28 51 87 93 79 69 30 76 14 58 2 36 1 38 85 5 42 31 52 97 48 80 47 37 57 7 78 11 84 96 65 13 49 19 18 53 50 35 83 6 88 63 94 4 75 91
TEST 89 ARG:49 6 53 42 64 72 86 47 94 70 66 41 34 58 2 80 88 83 9 63 82 22 29 40 28 93 4 37 17 18 33 62 65 99 96 79 14 95 98 92 5 55 73 27 45 90 61 15 52 3 85 16 74 50 87 75 21 60 91 20 77 43 10 78 76 31 32 23 36 38 59 97 69 51 1 39 0 48 24 11 54 8 25 89 68 56 35 12 46 84 19 81 30 71 44 57 7 13 26 67
TEST 90 ARG:58 54 72 92 3 36 83 5 95 11 10 26 57 78 56 51 65 68 15 85 9 42 50 39 37 17 31 71 64 75 74 30 87 0 69 43 48 8 99 7 44 47 46 93 23 80 25 28 90 63 20 88 96 62 19 41 16 40 21 22 67 59 97 18 13 52 84 77 70 12 4 76 35 81 2 86 61 53 89 98 33 82 32 27 45 24 29 34 14 49 79 38 1 60 91 6 55 73 66 94
TEST 91 ARG:14 83 8 64 45 97 95 31 91 89 13 58 86 88 47 37 48 17 77 2 62 33 49 90 12 27 35 32 46 92 38 50 60 44 74 75 57 93 70 41 23 56 78 69 54 71 9 67 29 96 53 7 30 39 5 20 68 6 16 80 4 85 72 51 3 73 66 26 15 28 52 21 19 61 22 81 79 11 36 34 99 42 18 98 63 55 82 65 40 24 1 0 43 76 10 59 94 84 87 25
TEST 92 ARG:46 83 61 42 78 31 64 67 4 44 26 96 55 17 5 69 36 97 71 19 27 35 30 60 52 20 59 24 66 49 93 57 86 7 9 92 62 65 40 89 25 11 77 48 79 41 6 47 32 45 15 2 73 90 88 82 8 95 14 85 75 72 21 16 98 58 39 51 94 74 76 91 70 68 63 99 81 34 10 80 84 56 13 12 23 1 38 28 3 0 53 50 43 37 54 29 87 33 22 18
TEST 93 ARG:23 85 18 31 57 30 21 12 37 7 43 65 38 81 66 10 3 83 93 32 54 58 62 96 15 48 64 27 75 13 40 5 19 59 53 72 1 76 73 22 44 67 95 28 8 87 42 41 39 52 55 35 26 51 63 77 49 33 79 70 90 50 74 20 29 61 0 36 9 97 98 84 71 45 4 91 78 94 17 46 89 47 16 60 34 99 56 2 86 24 80 68 92 25 6 69 14 82 11 88
TEST 94 ARG:92 99 31 2 94 7 46 73 45 56 88 95 67 57 60 19 51 9 59 41 64 54 8 1 76 18 81 61 71 78 26 74 30 48 96 11 72 16 49 35 70 32 33 37 97 62 86 21 85 79 65 27 10 82 6 58 75 66 4 93 20 14 53 68 98 39 47 69 17 15 23 84 22 77 3 90 40 28 25 91 36 83 29 38 63 87 55 52 12 50 44 0 42 5 80 89 43 34 13 24
TEST 95 ARG:89 10 65 64 30 76 56 17 96 7 4 55 28 79 2 26 95 93 36 80 50 27 41 94 70 52 60 39 66 22 74 8 75 78 40 5 13 59 92 69 18 25 61 99 53 9 81 87 97 44 90 57 15 3 72 48 51 32 91 49 46 19 77 68 47 20 38 86 54 82 21 11 31 85 73 42 88 37 43 84 34 14 62 35 16 24 98 12 58 0 29 6 45 63 23 33 67 83 1 71
TEST 96 ARG:41 92 72 67 53 86 47 83 19 79 31 15 76 10 29 68 3 38 66 45 12 97 71 32 39 62 34 95 54 25 27 13 7 9 69 63 8 50 78 75 16 14 61 59 89 85 42 55 33 26 21 36 91 48 56 58 18 64 82 44 77 24 51 52 49 60 80 65 22 70 23 28 17 87 93 99 35 88 5 4 20 96 43 0 74 2 94 11 98 37 6 73 90 46 57 81 30 40 84 1
TEST 97 ARG:86 37 46 82 31 67 80 62 8 83 84 81 1 61 13 19 96 25 94 70 44 15 92 75 52 47 64 29 76 68 23 97 2 87 30 93 17 0 32 41 26 63 45 91 69 98 38 53 4 59 35 14 16 77 79 7 65 36 6 5 48 11 18 71 74 72 90 56 66 58 27 88 42 57 33 60 40 95 24 85 20 39 9 54 22 3 55 99 50 28 49 78 21 51 89 12 10 34 43 73
TEST 98 ARG:33 95 36 77 6 11 29 19 80 60 40 48 25 75 49 70 64 4 54 78 34 47 59 2 21 28 32 87 92 67 14 39 26 90 61 66 58 97 17 16 46 24 0 93 51 81 68 98 35 27 86 38 91 69 83 96 45 72 94 13 22 43 8 89 74 76 23 82 7 57 63 85 56 65 88 79 5 20 55 73 99 37 12 30 31 9 3 52 15 1 62 50 42 71 18 44 41 10 53 84
TEST 99 ARG:9 70 91 41 94 10 78 19 24 42 71 76 30 16 96 33 60 93 17 63 45 3 5 13 59 87 48 75 14 39 61 73 4 49 11 18 37 80 55 57 99 35 36 52 69 29 12 67 89 90 0 6 98 85 82 8 53 25 62 20 68 74 34 86 15 92 47 54 38 43 40 21 44 79 72 97 56 1 46 31 27 50 2 26 88 65 58 64 95 32 83 81 84 23 77 66 22 51 28 7
TEST 100 ARG:1 33 32 47 92 24 36 12 80 60 65 86 25 97 44 81 61 10 16 56 2 6 19 42 67 30 40 17 14 83 46 39 29 28 73 35 21 52 22 0 93 69 59 85 70 87 76 45 38 58 53 72 26 34 95 89 20 68 4 82 49 62 18 3 50 5 78 71 11 75 96 79 27 84 9 13 91 23 48 90 37 41 54 74 99 88 57 55 77 8 15 51 31 63 98 43 7 66 64 94
TEST 101 ARG:82 37 50 71 43 76 11 46 41 13 7 1 21 49 15 45 94 96 58 35 68 51 73 36 38 92 84 3 59 27 44 16 26 88 62 65 79 24 30 33 53 83 47 9 8 61 19 23 39 69 87 18 31 48 66 0 14 90 72 60 17 22 25 74 57 20 32 28 34 67 97 40 6 95 4 75 93 56 80 81 63 70 54 29 89 99 2 86 91 5 98 42 52 78 12 85 77 55 64 10
TEST 102 ARG:12 86 65 53 17 47 44 57 29 51 39 67 9 98 96 48 61 80 35 77 34 73 27 30 26 79 42 95 43 33 64 82 23 11 36 84 92 41 56 21 60 20 93 3 69 7 16 99 75 5 19 0 40 6 70 85 4 50 90 72 15 66 46 89 91 8 63 31 83 68 2 58 81 71 74 59 13 18 1 22 45 62 28 87 24 10 78 49 88 25 38 37 76 14 32 55 97 54 94 52
TEST 103 ARG:66 18 34 43 55 38 14 30 15 93 76 40 47 21 61 96 11 59 67 62 80 92 5 98 91 33 88 10 51 77 63 48 1 99 58 95 32 72 31 35 52 68 57 65 44 20 87 7 8 24 73 13 37 46 17 36 84 23 9 85 4 69 27 3 6 12 70 42 53 71 39 50 49 94 19 97 64 83 29 75 45 74 78 28 16 81 60 54 89 79 22 90 25 82 0 56 2 86 41 26
TEST 104 ARG:78 96 54 67 98 59 29 86 62 87 35 52 88 34 18 6 64 46 73 60 53 65 5 76 94 28 69 25 0 24 36 8 91 92 12 39 82 44 31 74 85 38 83 26 70 97 63 57 10 51 11 3 1 2 72 16 32 79 43 84 13 89 14 22 33 17 77 42 58 90 75 50 45 30 21 56 20 48 37 80 95 23 66 99 47 27 61 55 93 19 41 7 81 68 71 15 4 9 40 49
TEST 105 ARG:76 63 71 42 26 92 39 91 56 98 89 60 11 59 6 43 36 94 45 12 69 73 57 66 30 20 44 61 65 9 51 90 7 70 88 37 50 75 86 97 64 67 31 15 13 10 35 27 54 38 34 87 72 29 23 40 28 2 25 14 82 55 80 68 81 21 48 3 83 79 22 18 99 52 93 49 46 85 1 19 74 62 33 95 58 47 53 32 4 8 84 96 24 17 41 77 78 16 5 0
TEST 106 ARG:62 77 95 25 55 80 28 12 52 89 17 91 21 40 51 45 97 84 98 18 22 11 19 92 75 72 65 70 35 69 59 99 0 27 53 96 42 24 49 87 71 56 36 94 29 31 7 74 61 5 54 34 8 26 37 88 86 79 32 82 83 63 57 90 16 13 76 73 4 20 9 68 10 47 58 81 78 43 44 46 2 48 85 6 60 50 1 14 30 3 66 15 93 67 64 38 33 39 23 41
TEST 107 ARG:67 13 78 6 62 29 23 64 91 9 18 30 32 75 3 45 80 48 51 40 11 34 8 16 53 10 43 54 14 96 94 50 22 66 72 58 60 47 79 71 81 21 97 92 59 28 63 70 89 4 33 86 1 25 5 12 19 44 74 20 35 49 98 7 57 76 73 95 15 26 27 68 31 90 56 52 87 38 69 2 85 77 55 24 37 82 83 61 42 0 93 17 39 65 88 41 46 36 84 99
TEST 108 ARG:18 31 97 39 74 90 59 21 30 95 17 24 53 60 54 56 79 64 75 82 20 32 77 29 49 51 65 2 78 92 88 5 91 93 50 98 0 69 35 42 26 7 96 61 63 15 43 14 16 45 41 47 76 57 48 58 25 86 1 66 99 10 9 22 4 37 84 13 12 46 36 68 94 83 85 11 44 67 73 27 55 33 6 40 72 81 70 8 23 80 38 28 87 52 71 62 19 34 3 89
TEST 109 ARG:27 30 51 57 44 22 40 55 68 19 61 5 21 18 36 39 11 98 1 80 16 31 86 58 9 35 97 26 75 0 63 70 50 46 72 93 7 17 42 25 87 32 6 53 89 34 23 41 65 77 59 82 28 91 60 73 79 99 62 64 43 85 2 71 96 78 48 3 10 8 88 33 45 29 69 74 47 67 94 13 56 20 66 95 14 83 52 76 37 4 24 92 84 38 15 12 54 81 49 90
TEST 110 ARG:90 50 23 55 78 6 60 30 58 82 59 57 8 10 2 5 15 13 88 75 34 33 43 73 96 14 61 51 74 81 67 53 66 17 27 54 77 69 48 39 63 22 47 97 16 56 46 52 84 94 12 41 64 24 70 19 21 7 80 98 72 29 4 62 76 49 65 91 1 3 93 11 95 20 37 38 42 28 9 71 25 44 68 18 0 99 35 79 36 87 85 89 83 45 32 92 86 31 40 26
TEST 111 ARG:3 14 70 23 38 54 32 35 13 42 41 93 69 6 62 77 91 0 51 75 58 37 48 5 97 78 90 39 55 64 22 4 83 45 2 7 98 76 44 40 31 74 86 56 53 49 67 15 17 68 24 96 84 46 89 33 27 16 79 94 81 85 71 12 59 60 34 9 19 10 21 65 20 80 1 30 61 72 73 52 28 25 43 82 95 11 99 88 87 57 26 63 92 47 29 36 66 8 18 50
TEST 112 ARG:6 90 89 4 7 94 31 83 43 64 59 67 46 76 12 27 95 81 33 38 37 61 54 8 58 56 85 97 84 48 41 69 13 35 49 80 93 44 78 72 73 30 91 36 22 0 82 47 66 74 87 16 62 20 1 29 60 17 28 34 26 86 24 25 88 45 70 23 98 14 96 2 50 65 9 19 77 57 63 3 5 42 32 21 10 68 71 39 52 11 40 55 18 79 51 99 92 75 15 53
TEST 113 ARG:76 23 93 62 73 74 25 92 60 13 37 66 19 44 48 40 75 87 97 18 56 35 61 36 82 21 22 55 98 29 59 81 47 85 95 11 34 67 78 0 69 33 3 96 51 2 24 1 83 99 8 64 70 16 58 30 26 46 79 84 57 20 6 15 80 31 43 27 94 45 71 53 14 49 5 7 32 54 52 65 68 42 90 41 12 72 10 88 9 91 38 77 86 39 17 4 28 89 63 50
TEST 114 ARG:99 18 45 57 56 81 76 42 44 55 93 4 86 31 67 5 88 64 95 60 13 26 25 59 47 2 72 41 77 3 10 17 82 78 11 33 22 23 39 52 98 37 84 54 27 15 74 36 19 63 68 7 12 83 62 9 40 65 97 48 29 49 90 46 89 8 43 32 0 28 73 24 16 34 92 66 51 58 1 96 79 69 91 6 30 61 94 53 38 70 75 87 80 50 85 71 21 14 35 20
TEST 115 ARG:34 42 14 48 40 79 4 97 26 64 22 35 61 81 77 1 2 27 74 10 30 75 53 80 73 98 23 70 90 39 82 88 87 66 41 58 49 32 52 55 45 38 85 60 62 54 44 72 13 15 5 91 57 67 11 12 84 0 21 18 16 71 83 69 92 37 43 28 93 99 89 9 46 6 29 56 68 76 47 94 17 50 19 24 31 25 51 95 7 20 96 65 59 36 78 63 86 8 33 3
TEST 116 ARG:7 47 18 78 15 3 55 50 60 30 29 51 67 65 8 38 56 62 84 53 40 26 81 69 43 32 10 95 80 35 39 21 82 0 85 91 59 42 90 70 41 27 74 23 22 92 68 76 4 12 54 49 87 46 45 28 83 36 58 13 34 64 98 79 44 66 2 52 48 63 25 75 1 20 99 17 88 19 93 9 33 72 61 77 16 5 96 6 24 31 57 71 11 14 94 73 97 86 89 37
TEST 117 ARG:3 2 15 52 77 0 75 72 97 13 33 84 65 62 58 68 21 46 34 29 28 88 70 93 87 43 16 44 31 74 32 36 91 10 96 94 24 30 19 95 57 49 8 39 54 64 23 53 14 76 22 78 73 25 85 11 61 79 9 92 12 59 55 4 42 17 89 20 66 27 45 86 80 82 5 35 81 50 51 98 69 63 90 67 26 41 56 83 60 71 1 7 99 6 38 40 47 37 48 18
TEST 118 ARG:9 33 96 1 94 3 64 14 25 90 51 59 74 24 99 81 6 30 0 48 20 45 31 18 57 92 68 67 13 40 98 29 2 5 11 93 88 10 61 44 95 21 82 87 54 28 23 55 41 32 56 37 70 73 16 65 91 50 27 36 71 7 80 26 47 38 60 15 83 63 12 49 66 86 75 4 84 8 78 76 39 53 22 72 89 43 77 46 34 79 97 17 69 35 52 42 85 58 62 19
TEST 119 ARG:96 16 76 79 43 41 33 7 55 72 21 40 38 98 11 13 18 50 44 99 8 75 56 31 90 54 93 49 36 26 35 39 70 34 86 5 83 53 65 58 14 69 84 67 95 30 45 24 23 88 27 68 66 46 78 62 0 61 52 60 15 82 92 73 25 6 3 64 80 51 74 29 1 89 42 77 22 32 91 2 71 97 47 85 57 12 4 20 81 37 63 48 28 94 87 19 17 9 10 59
TEST 120 ARG:65 51 35 99 82 77 36 67 43 72 47 9 24 96 28 54 60 69 10 30 93 68 44 90 26 34 12 94 80 15 3 66 86 83 22 78 87 79 39 38 21 62 17 18 57 89 33 5 91 7 64 97 55 6 98 84 20 53 46 75 70 0 27 95 29 59 2 49 32 50 58 8 73 81 63 19 14 88 37 11 23 40 61 76 74 45 16 42 4 85 92 25 41 13 31 52 48 71 56 1
TEST 121 ARG:2 48 88 78 45 98 47 57 13 74 1 75 31 76 39 3 63 25 51 14 5 44 9 7 29 16 99 93 65 81 70 69 36 55 34 61 21 62 23 33 80 15 90 71 97 41 37 49 38 60 0 86 8 72 83 85 20 67 82 12 19 4 53 54 89 28 52 22 27 24 92 58 6 77 87 42 68 91 30 11 18 17 96 32 73 94 66 46 10 40 26 59 79 84 43 64 50 35 95 56
TEST 122 ARG:16 52 39 5 99 34 80 89 11 81 79 85 97 44 7 77 46 12 24 6 87 42 13 41 26 91 22 38 53 71 74 60 45 50 3 23 96 36 25 73 27 19 49 37 29 95 90 54 21 4 58 14 17 33 32 70 20 64 57 18 31 83 9 63 0 82 2 59 88 56 78 75 86 65 68 92 35 40 47 48 8 28 94 61 76 51 30 67 93 1 66 55 84 72 69 15 10 43 62 98
TEST 123 ARG:90 74 1 10 66 36 95 25 49 27 11 0 55 78 44 87 62 51 93 59 48 83 65 76 71 12 43 13 67 88 34 38 84 17 5 4 80 79 23 8 2 35 9 99 53 52 73 45 68 54 15 41 30 6 63 19 58 46 77 98 37 14 56 24 64 82 32 91 75 16 69 47 20 28 81 3 89 85 86 61 18 42 57 31 50 26 22 97 92 72 96 39 33 60 70 40 7 29 94 21
TEST 124 ARG:88 34 80 27 42 47 91 20 55 32 26 89 86 74 92 9 28 75 66 77 69 82 2 61 48 90 68 1 14 67 36 84 18 99 56 6 41 81 63 25 13 22 96 33 29 19 51 85 43 39 17 44 54 11 65 79 0 45 97 78 52 71 76 60 4 93 12 49 98 58 50 21 73 94 5 16 70 46 3 53 23 62 37 31 7 59 24 30 35 57 15 40 64 72 8 83 87 10 38 95
TEST 125 ARG:45 95 39 57 89 9 63 22 92 50 74 77 59 31 13 5 75 61 66 96 58 42 19 47 93 43 36 28 0 46 35 6 25 78 54 10 88 17 85 62 24 8 20 87 48 65 86 99 71 33 30 94 60 18 84 44 69 55 97 91 14 90 76 37 98 73 83 56 32 4 70 16 2 15 26 49 41 80 52 1 79 40 29 12 21 81 3 64 72 34 38 68 67 82 23 11 27 53 51 7
